
Hips     0.217    0.164    0.198    0.183    0.191    0.171    0.228    0.195    0.223    0.21    0.183    0.191    0.186    0.204    0.19    0.194    0.184    0.177    0.199    0.184    0.201    0.18    0.257    0.243    0.204    0.201    0.198    0.207    0.217    0.231    0.196    0.238    0.217  
Spine     0.262    0.211    0.27    0.239    0.246    0.247    0.282    0.222    0.269    0.298    0.254    0.263    0.26    0.27    0.277    0.261    0.239    0.259    0.282    0.253    0.269    0.251    0.322    0.301    0.254    0.252    0.251    0.26    0.26    0.318    0.253    0.298    0.291  
RightShoulder     0.377    0.327    0.352    0.369    0.356    0.347    0.394    0.359    0.338    0.406    0.38    0.422    0.381    0.349    0.393    0.389    0.344    0.404    0.402    0.342    0.335    0.325    0.342    0.391    0.3    0.383    0.312    0.345    0.337    0.395    0.382    0.401    0.425  
RightArm     0.643    0.575    0.563    0.686    0.589    0.637    0.733    0.595    0.625    0.643    0.67    0.779    0.734    0.648    0.678    0.754    0.725    0.701    0.652    0.626    0.598    0.727    0.737    0.687    0.562    0.78    0.683    0.728    0.618    0.689    0.656    0.677    0.629  
RightForeArm     4.381    2.887    4.082    3.746    3.177    3.646    3.875    3.359    3.732    4.121    4.447    4.749    4.573    4.054    3.826    4.201    4.214    4.219    3.996    4.04    3.461    4.412    4.24    4.183    3.701    3.363    3.699    4.133    3.33    3.666    3.849    3.723    3.633  
RightHand     6.365    3.585    6.758    6.038    5.089    5.622    6.392    5.191    5.859    6.668    5.984    6.902    7.163    6.79    5.691    5.573    6.091    6.209    5.556    5.994    5.075    6.203    6.354    6.156    6.099    4.579    5.35    5.944    5.578    5.997    5.427    5.894    5.991  
RightHandThumb1     6.336    3.591    6.646    6.205    5.209    5.742    6.479    5.312    5.955    6.712    5.932    6.866    7.187    6.942    5.782    5.6    6.099    6.195    5.499    5.969    5.128    6.033    6.38    6.241    6.079    4.482    5.303    5.893    5.645    5.87    5.497    5.793    6.057  
RightHandThumb1b     6.536    3.86    6.789    6.532    5.501    6.03    6.774    5.717    6.341    6.962    6.06    7.296    7.606    7.381    6.075    6.015    6.456    6.445    5.731    6.26    5.522    6.416    6.721    6.567    6.382    4.671    5.576    6.254    6.075    6.117    5.887    6.026    6.369  
RightHandThumb2     6.862    4.266    7.02    7.0    5.944    6.453    7.199    6.29    6.879    7.348    6.325    7.921    8.205    7.955    6.506    6.658    6.966    6.832    6.123    6.686    6.107    7.0    7.231    7.073    6.842    4.951    6.003    6.846    6.664    6.529    6.488    6.408    6.824  
RightHandThumb2b     7.114    4.613    7.243    7.399    6.308    6.856    7.533    6.726    7.245    7.784    6.707    8.377    8.746    8.477    6.835    7.138    7.316    7.164    6.438    7.034    6.516    7.427    7.672    7.504    7.227    5.176    6.303    7.245    7.094    6.846    6.881    6.794    7.213  
RightHandThumb3     7.426    4.997    7.566    7.846    6.722    7.318    7.909    7.219    7.658    8.283    7.184    8.882    9.344    9.042    7.22    7.677    7.708    7.547    6.795    7.469    6.988    7.906    8.178    7.983    7.671    5.436    6.651    7.694    7.573    7.232    7.331    7.239    7.661  
RightHandIndex1     7.6    4.819    7.787    7.563    6.488    6.975    7.753    6.884    7.262    7.879    6.952    8.747    9.302    8.452    7.139    7.214    7.56    7.607    6.99    7.608    6.963    8.341    8.086    7.875    7.786    5.767    6.663    7.752    7.42    7.197    7.239    7.233    7.706  
RightHandIndex1b     7.986    5.127    8.101    8.082    6.954    7.418    8.187    7.295    7.576    8.313    7.394    9.276    9.966    8.87    7.588    7.604    7.864    8.005    7.384    7.99    7.368    8.74    8.509    8.321    8.177    6.085    6.951    8.158    7.884    7.451    7.604    7.639    8.14  
RightHandIndex2     8.309    5.38    8.389    8.495    7.326    7.798    8.541    7.637    7.839    8.68    7.786    9.699    10.475    9.207    7.951    7.944    8.115    8.348    7.699    8.352    7.707    9.058    8.854    8.723    8.526    6.338    7.231    8.517    8.255    7.691    7.904    7.997    8.494  
RightHandIndex2b     8.557    5.604    8.697    8.849    7.652    8.184    8.91    7.889    8.104    9.045    8.151    10.075    10.887    9.517    8.297    8.277    8.365    8.664    7.969    8.76    7.989    9.263    9.165    9.107    8.867    6.527    7.487    8.799    8.588    7.946    8.253    8.297    8.799  
RightHandIndex3     8.775    5.803    8.972    9.151    7.928    8.52    9.218    8.122    8.351    9.366    8.483    10.405    11.225    9.783    8.599    8.595    8.596    8.958    8.212    9.101    8.245    9.455    9.436    9.437    9.196    6.687    7.74    9.064    8.867    8.213    8.576    8.562    9.064  
RightHandMiddle1     7.705    4.811    7.943    7.632    6.503    7.114    7.84    6.989    7.258    7.995    7.16    8.831    9.472    8.612    7.136    7.239    7.568    7.817    7.115    7.787    6.999    8.454    8.201    7.928    7.94    5.889    6.729    7.763    7.416    7.348    7.248    7.437    7.805  
RightHandMiddle1b     8.109    5.078    8.292    8.187    6.988    7.53    8.218    7.368    7.677    8.456    7.661    9.416    10.117    9.058    7.643    7.627    7.825    8.204    7.425    8.14    7.373    8.83    8.5    8.404    8.288    6.171    7.023    8.131    7.852    7.593    7.649    7.837    8.334  
RightHandMiddle2     8.541    5.379    8.688    8.751    7.486    8.003    8.63    7.806    8.134    8.98    8.247    10.034    10.747    9.548    8.172    8.085    8.143    8.655    7.768    8.605    7.786    9.242    8.84    8.933    8.706    6.452    7.433    8.578    8.297    7.92    8.1    8.284    8.866  
RightHandMiddle2b     8.822    5.552    8.963    9.113    7.831    8.393    8.945    8.109    8.519    9.482    8.715    10.497    11.215    10.019    8.593    8.417    8.38    8.914    8.031    8.964    8.113    9.548    9.039    9.34    9.033    6.604    7.733    8.884    8.636    8.212    8.542    8.538    9.168  
RightHandMiddle3     9.16    5.777    9.318    9.532    8.254    8.865    9.34    8.5    8.989    10.061    9.265    11.014    11.748    10.541    9.104    8.867    8.695    9.274    8.362    9.383    8.52    9.925    9.357    9.816    9.46    6.788    8.144    9.246    9.044    8.609    9.067    8.858    9.53  
RightHandRing1     7.754    4.779    8.034    7.687    6.485    7.255    7.872    6.992    7.265    8.105    7.36    8.849    9.515    8.71    7.088    7.244    7.532    7.954    7.165    7.911    6.972    8.41    8.211    7.907    8.006    5.926    6.745    7.686    7.333    7.46    7.19    7.566    7.863  
RightHandRing1b     8.145    5.059    8.366    8.201    6.941    7.626    8.275    7.317    7.707    8.553    7.784    9.342    10.052    8.987    7.615    7.588    7.734    8.347    7.43    8.238    7.29    8.651    8.462    8.36    8.382    6.166    7.026    8.067    7.751    7.733    7.598    7.929    8.329  
RightHandRing2     8.64    5.428    8.777    8.799    7.478    8.099    8.765    7.76    8.275    9.103    8.341    9.948    10.679    9.411    8.234    8.053    8.031    8.847    7.792    8.729    7.709    9.0    8.831    8.932    8.894    6.444    7.435    8.564    8.232    8.149    8.097    8.387    8.847  
RightHandRing2b     8.802    5.568    8.948    9.031    7.651    8.298    8.916    7.899    8.534    9.412    8.559    10.154    10.884    9.599    8.569    8.199    8.109    8.975    7.961    8.937    7.94    9.114    9.017    9.235    9.053    6.524    7.579    8.795    8.44    8.325    8.37    8.542    9.028  
RightHandRing3     9.008    5.746    9.165    9.299    7.879    8.56    9.12    8.112    8.857    9.776    8.831    10.398    11.131    9.845    8.983    8.434    8.223    9.176    8.174    9.204    8.24    9.293    9.263    9.587    9.279    6.634    7.806    9.066    8.716    8.56    8.707    8.757    9.261  
RightHandPinky1     7.835    4.803    8.135    7.757    6.504    7.432    7.957    7.059    7.319    8.304    7.576    8.91    9.546    8.825    7.095    7.311    7.539    8.106    7.245    8.075    6.983    8.377    8.208    7.888    8.087    5.948    6.807    7.687    7.277    7.613    7.175    7.705    7.946  
RightHandPinky1b     8.038    4.993    8.32    8.054    6.759    7.662    8.19    7.253    7.588    8.586    7.822    9.171    9.86    8.967    7.451    7.534    7.659    8.34    7.399    8.293    7.17    8.487    8.334    8.198    8.384    6.073    6.976    7.951    7.535    7.807    7.483    7.921    8.242  
RightHandPinky2     8.329    5.243    8.563    8.414    7.109    7.963    8.477    7.538    7.951    8.944    8.157    9.506    10.248    9.227    7.881    7.835    7.846    8.649    7.619    8.626    7.421    8.657    8.55    8.584    8.764    6.225    7.216    8.298    7.854    8.096    7.84    8.202    8.578  
RightHandPinky2b     8.5    5.392    8.706    8.6    7.285    8.128    8.638    7.665    8.179    9.163    8.343    9.702    10.478    9.387    8.138    7.967    7.932    8.78    7.743    8.809    7.601    8.738    8.674    8.827    8.957    6.281    7.328    8.461    8.041    8.286    8.05    8.347    8.743  
RightHandPinky3     8.702    5.564    8.88    8.815    7.492    8.324    8.825    7.822    8.439    9.412    8.559    9.918    10.731    9.576    8.431    8.138    8.04    8.941    7.891    9.012    7.815    8.854    8.827    9.099    9.188    6.35    7.477    8.645    8.256    8.506    8.289    8.517    8.929  
LeftShoulder     0.377    0.327    0.352    0.369    0.356    0.347    0.394    0.359    0.338    0.406    0.38    0.422    0.381    0.349    0.393    0.389    0.344    0.404    0.402    0.342    0.335    0.325    0.342    0.391    0.3    0.383    0.312    0.345    0.337    0.395    0.382    0.401    0.425  
LeftArm     0.519    0.502    0.494    0.523    0.499    0.564    0.528    0.532    0.564    0.589    0.52    0.606    0.533    0.595    0.571    0.599    0.544    0.506    0.509    0.475    0.536    0.566    0.555    0.613    0.616    0.601    0.477    0.596    0.477    0.573    0.584    0.685    0.615  
LeftForeArm     2.817    2.947    3.592    3.587    3.0    3.144    3.083    3.838    3.162    3.894    3.096    2.704    3.55    2.828    4.301    4.96    3.111    4.233    3.654    3.56    3.527    3.633    3.724    4.098    4.56    3.412    3.885    4.41    2.738    3.831    3.471    4.334    4.437  
LeftHand     3.814    3.901    5.23    5.308    4.378    4.09    4.823    5.411    4.645    5.297    4.61    4.431    5.484    4.673    5.74    6.271    5.179    5.926    4.858    5.539    5.207    5.919    5.627    5.973    6.51    4.255    5.519    6.854    5.082    5.126    5.303    6.296    6.077  
LeftHandThumb1     3.707    3.949    5.108    5.379    4.437    3.977    4.908    5.411    4.655    5.238    4.627    4.401    5.567    4.629    5.62    6.093    5.229    5.84    4.771    5.568    5.249    6.061    5.593    6.01    6.515    4.172    5.417    6.781    5.114    5.027    5.369    6.286    5.961  
LeftHandThumb1b     3.858    4.194    5.199    5.705    4.699    4.166    5.192    5.666    4.931    5.364    4.795    4.637    5.908    4.879    5.819    6.351    5.583    6.075    4.96    5.866    5.527    6.447    5.805    6.273    6.722    4.324    5.694    7.145    5.523    5.253    5.689    6.593    6.151  
LeftHandThumb2     4.116    4.489    5.385    6.075    5.018    4.443    5.527    5.98    5.262    5.56    5.013    4.91    6.298    5.166    6.104    6.714    6.023    6.39    5.229    6.239    5.891    6.913    6.098    6.572    6.994    4.51    6.118    7.619    5.994    5.573    6.083    6.965    6.383  
LeftHandThumb2b     4.412    4.82    5.648    6.483    5.356    4.758    5.863    6.336    5.557    5.834    5.299    5.2    6.679    5.497    6.476    7.174    6.45    6.796    5.539    6.648    6.329    7.405    6.429    6.94    7.399    4.722    6.594    8.144    6.437    5.919    6.511    7.408    6.682  
LeftHandThumb3     4.742    5.165    5.968    6.902    5.716    5.102    6.222    6.726    5.869    6.145    5.611    5.503    7.07    5.837    6.891    7.673    6.905    7.236    5.87    7.082    6.784    7.918    6.801    7.316    7.847    4.944    7.126    8.699    6.9    6.299    6.952    7.876    7.0  
LeftHandIndex1     4.759    4.956    6.048    6.759    5.557    5.055    6.063    6.774    5.877    6.15    5.582    5.67    6.926    5.956    6.829    7.77    6.957    7.44    6.014    7.135    6.786    7.701    7.129    7.542    8.051    5.227    7.071    9.084    6.882    6.284    6.996    7.976    7.557  
LeftHandIndex1b     5.059    5.252    6.307    7.14    5.904    5.293    6.393    7.102    6.179    6.424    5.887    6.0    7.336    6.344    7.179    8.168    7.373    7.866    6.312    7.482    7.182    8.151    7.498    7.947    8.481    5.481    7.574    9.614    7.294    6.549    7.418    8.402    7.944  
LeftHandIndex2     5.378    5.571    6.597    7.542    6.266    5.568    6.749    7.45    6.525    6.719    6.214    6.341    7.762    6.738    7.561    8.602    7.831    8.319    6.639    7.859    7.596    8.613    7.889    8.361    8.924    5.743    8.118    10.175    7.729    6.856    7.855    8.848    8.347  
LeftHandIndex2b     5.585    5.732    6.789    7.804    6.451    5.762    7.009    7.645    6.719    6.934    6.406    6.499    8.001    6.991    7.769    8.923    8.014    8.566    6.809    8.121    7.875    8.82    8.132    8.636    9.17    5.912    8.466    10.416    7.952    7.045    8.112    9.108    8.546  
LeftHandIndex3     5.811    5.905    6.998    8.079    6.65    5.974    7.287    7.856    6.935    7.17    6.613    6.668    8.25    7.25    8.004    9.266    8.223    8.836    7.004    8.394    8.17    9.047    8.397    8.92    9.431    6.09    8.836    10.68    8.195    7.26    8.388    9.382    8.756  
LeftHandMiddle1     4.919    5.075    6.261    6.953    5.638    5.217    6.17    6.942    5.992    6.351    5.73    5.785    7.045    6.11    7.067    8.064    7.152    7.708    6.182    7.327    6.977    7.839    7.335    7.766    8.324    5.406    7.26    9.381    7.023    6.49    7.202    8.218    7.827  
LeftHandMiddle1b     5.263    5.398    6.597    7.394    6.012    5.463    6.557    7.294    6.333    6.733    6.054    6.11    7.446    6.513    7.462    8.535    7.538    8.178    6.486    7.717    7.396    8.27    7.678    8.279    8.859    5.67    7.808    9.881    7.412    6.795    7.674    8.712    8.299  
LeftHandMiddle2     5.625    5.728    6.955    7.838    6.41    5.736    6.972    7.657    6.686    7.127    6.399    6.441    7.855    6.914    7.884    9.027    7.956    8.664    6.816    8.135    7.824    8.712    8.039    8.791    9.388    5.935    8.373    10.403    7.819    7.134    8.15    9.213    8.771  
LeftHandMiddle2b     5.886    5.901    7.165    8.149    6.675    5.888    7.228    7.909    6.911    7.443    6.61    6.63    8.122    7.213    8.171    9.424    8.164    8.966    6.991    8.434    8.131    8.891    8.289    9.154    9.736    6.098    8.777    10.663    8.038    7.335    8.47    9.484    9.033  
LeftHandMiddle3     6.174    6.087    7.403    8.48    6.972    6.065    7.513    8.185    7.164    7.787    6.844    6.83    8.409    7.521    8.501    9.849    8.417    9.292    7.197    8.772    8.458    9.093    8.579    9.53    10.102    6.274    9.217    10.952    8.286    7.565    8.812    9.786    9.311  
LeftHandRing1     4.999    5.082    6.402    6.993    5.593    5.295    6.158    6.957    5.974    6.505    5.799    5.738    7.007    6.112    7.208    8.206    7.162    7.819    6.232    7.345    7.038    7.785    7.352    7.834    8.462    5.474    7.323    9.395    6.944    6.579    7.232    8.281    7.926  
LeftHandRing1b     5.343    5.381    6.729    7.418    5.965    5.525    6.526    7.292    6.32    6.889    6.113    6.017    7.381    6.493    7.613    8.67    7.539    8.286    6.524    7.742    7.449    8.224    7.669    8.328    8.966    5.717    7.83    9.905    7.33    6.866    7.705    8.751    8.37  
LeftHandRing2     5.734    5.709    7.112    7.878    6.39    5.805    6.954    7.666    6.709    7.319    6.487    6.318    7.79    6.899    8.085    9.19    7.975    8.804    6.872    8.201    7.898    8.706    8.029    8.856    9.502    5.981    8.396    10.475    7.77    7.208    8.22    9.272    8.85  
LeftHandRing2b     5.979    5.823    7.285    8.176    6.636    5.913    7.185    7.882    6.912    7.609    6.677    6.443    8.001    7.155    8.331    9.507    8.122    9.081    6.98    8.469    8.161    8.836    8.246    9.148    9.733    6.119    8.759    10.684    7.985    7.367    8.486    9.504    9.065  
LeftHandRing3     6.251    5.952    7.487    8.497    6.913    6.047    7.441    8.124    7.152    7.93    6.889    6.58    8.233    7.425    8.616    9.854    8.31    9.385    7.118    8.776    8.445    8.985    8.504    9.454    9.986    6.269    9.153    10.916    8.231    7.558    8.779    9.773    9.305  
LeftHandPinky1     5.118    5.15    6.549    7.085    5.632    5.4    6.222    7.029    6.013    6.673    5.907    5.737    7.049    6.15    7.384    8.368    7.264    7.972    6.318    7.44    7.193    7.854    7.429    7.958    8.655    5.553    7.476    9.473    6.962    6.699    7.347    8.406    8.047  
LeftHandPinky1b     5.383    5.333    6.795    7.393    5.876    5.553    6.464    7.266    6.274    6.961    6.132    5.914    7.306    6.426    7.682    8.717    7.492    8.307    6.495    7.705    7.483    8.113    7.628    8.288    9.001    5.699    7.851    9.765    7.211    6.873    7.666    8.718    8.371  
LeftHandPinky2     5.667    5.529    7.071    7.714    6.153    5.73    6.731    7.516    6.555    7.271    6.389    6.095    7.578    6.71    8.019    9.09    7.749    8.662    6.703    7.999    7.788    8.392    7.846    8.627    9.359    5.853    8.247    10.084    7.492    7.08    8.005    9.05    8.71  
LeftHandPinky2b     5.844    5.637    7.235    7.922    6.338    5.814    6.901    7.685    6.723    7.488    6.544    6.189    7.737    6.898    8.219    9.331    7.867    8.866    6.803    8.193    8.002    8.503    8.009    8.846    9.561    5.941    8.51    10.234    7.635    7.193    8.212    9.224    8.889  
LeftHandPinky3     6.038    5.755    7.419    8.145    6.535    5.911    7.086    7.865    6.906    7.722    6.711    6.288    7.908    7.094    8.44    9.59    8.005    9.083    6.921    8.408    8.229    8.626    8.19    9.071    9.777    6.037    8.791    10.401    7.799    7.329    8.432    9.421    9.08  
Head     0.554    0.507    0.498    0.532    0.529    0.498    0.584    0.546    0.496    0.587    0.569    0.63    0.529    0.52    0.557    0.583    0.499    0.578    0.589    0.494    0.5    0.468    0.487    0.609    0.446    0.607    0.502    0.529    0.54    0.558    0.541    0.607    0.626  


RightHand : 5.884
LeftHand : 5.253
RightForeArm : 3.901
LeftForeArm : 3.61
RightArm : 0.668
LeftArm : 0.554
Head : 0.542
RightShoulder : 0.367
LeftShoulder : 0.367
Spine : 0.265
Hips : 0.202
